1
3
13
0.898166 0.078787 0.016737 0.024660 -0.022015 0.001142 -0.019008 0.007807 -0.012600 0.044119 0.036962 -0.019583 0.032933 
-0.023919 0.859099 -0.019729 -0.050468 0.023592 -0.034658 0.021277 -0.041454 -0.001859 0.015482 -0.005115 -0.003975 -0.051790 
-0.157285 -0.029626 0.829664 0.044125 0.025801 0.030211 -0.016032 0.055068 -0.047417 -0.031091 -0.017407 0.036514 0.032933 
-0.008730 -0.158557 0.040773 0.866261 0.146980 -0.124533 0.053419 0.053671 -0.039684 -0.001184 -0.099909 0.066344 -0.016166 
0.024692 0.097420 -0.002598 -0.005143 0.786062 0.064391 -0.077044 0.009558 0.048874 0.023972 0.000155 -0.034276 -0.002126 
-0.001207 -0.107108 0.029948 -0.080815 -0.004391 0.843397 0.038270 -0.037347 -0.078166 0.073772 0.035387 -0.040165 0.004764 
-0.202002 0.153124 -0.006115 0.091009 -0.107309 0.017608 0.823041 0.029960 -0.005290 0.021014 0.069674 0.169018 -0.125928 
0.173959 -0.163060 -0.023579 -0.182561 -0.062664 0.031089 0.037640 0.889520 0.223043 0.023481 -0.128840 0.130875 0.066221 
-0.125395 0.116833 -0.095342 0.007939 0.029405 0.016787 0.055100 0.142051 0.949735 0.185816 0.029467 -0.014476 0.068560 
0.049676 0.033097 -0.044011 0.039483 -0.014576 0.120994 -0.036515 -0.029279 0.016787 0.951295 0.062617 0.139807 0.081332 
0.091811 0.123231 0.048746 0.009649 -0.047937 0.008852 0.053014 0.073007 0.018521 0.059350 0.866115 0.090087 -0.071368 
-0.078565 -0.070013 0.096469 0.079504 0.114299 0.101892 -0.024793 0.024782 -0.020228 -0.037937 -0.094730 0.946241 0.233764 
0.217481 0.100396 0.048357 0.069717 0.005924 0.017209 0.015491 0.059533 -0.029509 0.191376 -0.098813 -0.025735 0.886027 
-0.971477 -0.835708 -0.630822 -1.996194 -0.007007 0.300528 -0.432565 0.407121 1.288211 -1.008454 -0.903430 0.387568 -1.241871 
1.0 1.0 1.0 1.0 1.0 1.0 1.0 1.0 1.0 1.0 1.0 1.0 1.0 
13
1.029945 0.083057 0.035572 0.041256 -0.012994 0.026259 0.002861 0.019121 0.001359 0.021040 0.033299 0.010853 0.004540 
0.005696 0.915908 -0.027040 -0.020400 0.015425 -0.034495 0.039128 -0.004589 0.010898 0.004779 0.007644 0.012742 -0.038674 
-0.155361 0.006746 0.943793 0.071287 0.009032 0.039207 0.001491 0.001145 0.006601 -0.043432 0.016342 0.001108 0.021407 
0.000571 -0.146275 -0.008592 0.948527 0.164479 -0.044612 -0.001692 0.044191 -0.111433 0.072312 -0.137287 0.052691 0.037242 
0.090300 0.125075 0.016273 -0.004392 0.838490 0.079019 -0.049759 -0.013888 -0.014423 -0.004035 -0.067258 -0.006482 0.011843 
-0.027383 -0.103383 0.122429 -0.064569 0.001369 0.864356 -0.008412 0.008412 0.005543 0.055473 -0.035020 -0.023042 -0.013131 
-0.187631 0.203404 -0.088471 0.089181 -0.093846 -0.031860 0.914722 0.067497 0.038275 0.060729 0.072909 -0.029687 -0.069272 
0.311721 -0.173481 0.059902 -0.255008 0.009816 0.026734 0.070920 0.815182 0.250109 -0.030486 0.029923 0.002879 0.085951 
-0.137228 0.099658 -0.033754 -0.046048 0.038670 0.020381 0.091893 0.058407 0.883968 0.217281 -0.031459 -0.006625 0.052793 
0.156222 -0.010503 -0.006874 0.062011 0.026845 -0.010758 0.003496 -0.028766 0.000619 0.888520 0.121912 -0.026768 0.127728 
0.228876 0.158431 0.085357 0.005318 -0.074386 0.033296 0.006568 0.085472 -0.024054 0.011716 0.935775 0.094790 -0.056902 
-0.067662 -0.039434 0.146055 0.029022 0.185379 0.038198 -0.062226 0.054219 -0.086587 -0.026048 -0.021453 0.929340 0.203994 
0.182761 0.094436 0.059908 0.126264 0.003416 0.021790 0.003804 -0.044188 -0.027127 0.102842 -0.016493 -0.037040 0.953277 
0.008701 -0.011194 0.010067 0.226469 0.345079 0.090273 -0.059888 -0.069372 -0.020599 0.040951 -0.031120 0.298340 0.034595 
1.0 1.0 1.0 1.0 1.0 1.0 1.0 1.0 1.0 1.0 1.0 1.0 1.0 
13
1.006235 0.055119 0.018320 0.027241 -0.018675 0.011928 -0.005721 0.019393 -0.009663 0.020690 0.026986 -0.007966 0.022006 
0.006574 0.957142 -0.031803 -0.010435 0.019557 -0.033924 0.038214 -0.006203 0.016900 0.021690 0.010646 0.030062 -0.018549 
-0.119715 0.038945 0.952778 0.072339 0.004545 0.087261 -0.009973 0.005391 -0.019878 -0.036864 0.011900 0.028905 0.033528 
0.071606 -0.129100 0.033085 0.968950 0.117794 -0.017271 0.011233 0.006085 -0.052386 0.042993 -0.051413 0.032711 0.058476 
0.122285 0.127656 -0.000373 0.028287 0.879631 0.062471 -0.038478 -0.009657 0.017782 -0.039188 -0.029711 0.024732 0.017996 
0.084479 -0.089762 0.148045 -0.057091 0.034729 0.930523 0.004245 0.036580 0.040224 0.011045 -0.004464 -0.010479 0.024329 
-0.210462 0.205156 -0.067738 0.063074 -0.066481 -0.010269 0.968567 0.016816 0.038417 0.042621 0.017009 0.013696 -0.063367 
0.272994 -0.178012 0.032747 -0.175039 0.049503 0.064163 0.003643 0.942991 0.163160 -0.006846 0.031225 0.013867 -0.025914 
-0.196592 0.115750 0.044140 -0.055338 -0.027779 0.040499 0.030839 0.050290 0.954255 0.117371 -0.021736 0.005799 0.008939 
0.224558 -0.037342 -0.029379 0.082128 0.001400 -0.007499 0.044493 0.015766 -0.006406 0.977216 0.040569 0.013080 0.059211 
0.216010 0.147389 0.115949 0.004307 -0.052614 0.012495 -0.011573 0.059752 0.005473 0.018403 0.994818 0.070943 -0.016969 
0.036016 -0.002656 0.177240 0.041055 0.136880 0.000393 -0.019755 0.015120 0.008309 -0.013238 0.020885 0.970356 0.124697 
0.190472 0.097963 0.016195 0.150338 0.035376 0.021976 -0.038870 -0.008717 -0.060254 0.087074 -0.012017 0.018382 0.984174 
0.029855 -0.073890 0.086201 0.522302 0.056047 0.094544 -0.113888 0.034147 -0.133215 0.310884 -0.076992 0.227277 0.053553 
1.0 1.0 1.0 1.0 1.0 1.0 1.0 1.0 1.0 1.0 1.0 1.0 1.0 
